Sentence,Tagged_Sentence
"Barang dah sampai , okay",_
Seller padu coffee sedap,_
Nt nk repeat yg hitam lakkk,_
sbb beli utk cousin,_
Convenient and great help for me which had no time to cook,_
online/>NUDE-DATTING,_
Sdp sy dh bt,_
Quite heavy though,_
tambah time sale,_
",🤍🤍🤍🤍🤍🤍🤭🤭🤭🤭🤭🤭",_
"THE more than 200,000 people who were born in the former Lau King Howe Hospital in Sibu have been urged to contribute RM1 each per year for the upkeep of its memorial museum",_
Nice smell too boss,_
"Order 25 October 2021,shipped 25 October 2021",_
warna cantik hijau apple,_
Nak pakai xlama lg bersalin,_
It's liquid like for the first 3 to 5 seconds but then it dries after the 5 second mark,_
x jarang wpun x pakai legging kt dalam,_
"The carton box was dented when received, but luckily there were adequate air-bags well protect the Nestum pack",_
Dusty purple tu warna nya gelap macam purple biasa je,_
cantik2murah2,_
Consider the wind is pretty strong,_
18/3 still can't get my parcel,_
Mntppppppppooooppppppppppppppppppppppppppppppppppp,_
Ni nak Cuba ni,_
"Leadership is not just about the job title, or even making big decisions",_
scratch & check di www,_
Dh 2 kali repeat,_
"terima kasih seller, teruskan usaha!",_
"Prosecutors said Thursday fallen US biotech star Elizabeth Holmes chose fraud over admitting failure of her blood-testing startup Theranos, in their final pitch to jurors in her high-profile Silicon Valley trial",_
Semua roda boleh lock,_
noted tudung pendek but not xpect this pendek,_
"Bro pls church video quality only playing in 360p,140p only",_
harap life span dia lama,_
It says it is still installed on my phone that was lost months ago,_
2021 dekat seminggu,_
"lagi-lagu untuk orang yang main game, takada la berselirat wayar kan So far dah guna seminggu okay ja",_
Cryptocurrencies' uses include as alternatives to fiat currencies,_
* Nice,_
byk kad blh simpan,_
Panjang dia atas buku lali,_
"Barang sampai agak lambat sikit, pembungkusan biasa je, barang sampai baik takde cacat cela, jem cair macam air, tak rasa lagi harap2 sedapla",_
"Cantik, selesa n saiz ngam",_
mask semua jahitan ok,_
No worries i still in love w/ it!,_
80/- I have paid by my debit card and did not get my order,_
"terbaik,kain pun okey",_
Recommended to my sister,_
finally i pull my biastq,_
accurate and fast delivery,_
Kena belajar lg nk guna dgn betul,_
kopi sdp,_
sbb tiru2 x blhkn ?,_
Lets GOOOO,_
But delivery is abit slow,_
Mask pun ok je berkualiti n tkde rosak pape,_
sesuai pakai ke pantai dengan cuaca yg panas terik,_
"Tq seller , barang sampai dengan selamat tidak ada kecacatan yang berlaku dan sampai dengan pantas , semoga anda maju jaya",_
If they missed items they will not refund the money neither deliver the iems,_
barang dalam keadaan baik serta memuaskan,_
"Quality:Bagus, tapi masih boleh bocor kalau penuh sangat atau poo banyak",_
It just that the box has slightly opened maybe due to delivery factors,_
Will definitely reorder for next time!,_
Delivery super fast purchase during 25/11,_
Canon ink color diterima dalam keadaan baik,_
"Baik boss barang dh sampai, cantik menarik",_
Easy to prepare meal,_
"Terima dalam keadaan baik, terbaik terbaik terbaik,terima kasih sealer",_
"Senang nak guna, jangan buang manual ya guys",_
Beg kecil molek je tapi cantik sangat sangat thank you seller,_
Maaf gambar n vid tk de kaitan 🤪,_
casing cantik saya sukaaa pegang pon tak rasa beratt delivery pon lajuu,_
If wanna wear longer take bigger size,_
Order 17/10/2021 received 21/10/2021 fast delivery come with good condition will buy again,_
eeii dasar kapitalis,_
ape punya undang2,_
My kids love Rebina,_
"Packaging elok, cuma lambat sikit postage",_
Tk senteng mana bawah pinggang jgk la tp tk smpai peha,_
I mean dolls akka,_
Semua brg boleh guna,_
"Guru tabika kini disyaratkan sekurang-kurangnya memiliki Diploma Bimbangan Awal Kanak-Kanak, disebabkan itu kita yakin mereka berkebolehan",_
5 poor service by seller,_
Love You BTS,_
for a price like this then its,_
everything preinstalled,_
"So until then, so long, Space Cowboy",_
enough for 1 meal,_
"The color is very dark brown, i like the army, the material is softer than the brown one",_
Give 4start,_
"ordered yesterday morning, 7pm they sent out the courier to jnt and received it this morning",_
Tp x berapa kuat,_
"Senang nak guna , 1 cam boleh connect dekat 2 device , tapi 1 shj yang boleh all access , 1 lagi boleh tengok live dan playback shj",_
"Packaging kemas, penuh dgn bubble wrap",_
beli kat ank kut kalau dia nk pkai,_
"Ramen sampaii dengan dan selamattttt tidakkk hancurrrr heheheheheh , boleh repeat orderrr lagi kt siniiiiiii 🥺 penghantaran yangg cepattttttttt hehehehehehehhehehehehehehheh",_
Good material but not as wide as shown in photo,_
Thank youuu suka sgt tudungnya!,_
Daya tujah ialah daya,_
tqtatqttqtqtqttqtqtqttqtwtwtwtwrwfwfttqtq,_
harap leh kekal lama,_
Tp tb2 promo sy d hapuskan gn,_
"Cantik,cantik,cantik,cantik,cantik,cantik,cantikkk",_
"Colour pun ngam pkai kt bibir ni, since ada tanned skin kan",_
"m so happy you got a new phone,",_
8 million amphetamine tablets were found at the scene,_
Wait till 2023 la,_
Senang dh pas ni nk OOTD,_
"Dh cuba letak baby, alhamdulillah dia ok",_
Ia benar-benar ditutup oleh bunyi jalan,_
Bag kuality bagus dapat free mask keeper terima kasih,_
Ok la boleh buat pakai,_
Better beli bundle,_
вαrαng σk ѕєjuk jє pαkαí tαpí вαhαgíαn ѕєвєlαh αdє lσndєh ѕíkít хtαu nαpα,_
Ships in 3 days,_
bungkusan saya bg 10,_
Quality:Bought them for my mom,_
Tak sampaii rm1 weyy,_
Goodd goood goooodd gooodd gooodd goooodd gooodd,_
Semuanya ok dan berpuas hati,_
Design batik sarung ala ala patchwork,_
Sangat bagusssssssss,_
Mwol deo eojjeoragu,_
Alhamdulillah semua brang dalam keadaan baik,_
Tq seller walaupun ada kelewatan sikit tapi servis baik,_
Products shipped out fast and received in good condition,_
Seller trusted veryy trusted,_
Bantuan alat pernafasan= 397,_
Quality:a+,_
"Nasib baik cun elok, xsakit kaki wei",_
Really love this earphone and this is my repeat order,_
Material:Good for me selesa,_
"Kain berkualiti, jahitan kemas, putih nila yang cantik",_
cme penghantaran lambat,_
Material:4/5 hopefully tak berbulu,_
Sbb brg simpan di rumah lain,_
terbaij terbaik terbaik,_
Material:sejuk yang tagh viral skrng,_
beg tak besar sangat sesuai dengan orangnya,_
lain kali bole beli lagi,_
calerr cantikkkkk cantikk gilerrr weyyyyy,_
"However, the ink cartridge of canon 740xl was faulty!",_
Tak kisah sangat,_
material berpatutan dengan harga,_
oppofication&quot,_
"BEIRUT (Reuters) -Lebanon's Iran-backed Hezbollah group said on Sunday it saw no reason to delay May's parliamentary elections, days after politics was turned on its head by Saad al-Hariri's withdrawal from public life",_
I ordered headloop,_
Kasut jenis getah tapi nampak mahal,_
CD tak sempat masukkan,_
Terimaaaa kassihh sayaaa beliiiiiii Terimaaaa kassihh sayaaa beliiiiiii Terimaaaa kassihh sayaaa beliiiiiii Terimaaaa kassihh sayaaa beliiiiiii Terimaaaa kassihh sayaaa beliiiiiii,_
hope it can last long for a long time,_
no box but arrived safely,_
Cara packing tak selamat,_
Seller dia pon cepat balas chat and peramah🥰dia punya packaging pun cantik dan sesuai ngan produkdia punya maggie ramen tak hancur punthank you again seller🥰,_
Effectiveness:taktaula,_
"While delivering a speech by video to an audience in Taiwan, Abe made some of the most pointed comments by a prominent Tokyo politician on tensions in the Taiwan Strait, warning China that a military adventure would be the path to economic suicide",_
com/lc/r718r,_
"It's okay, seller responded cepat bila chat tanya barang ni",_
I think its smaller than other kn95,_
Sungguh kecewa sya tk request colour sya tk minta apa,_
Now she's happy so she wants to cuddle,_
Parcel safely delivered good price during 9,_
sudu ok,_
nestum,_
kalau okey next time blh repeat balik,_
For good reason too,_
He also reiterated the BOJ's resolve to work closely with the government in battling headwinds to Japan's recovery such as the fallout from U,_
"Direct economic losses due to the worst flooding in decades are estimated at 49 billion yuan (US$7 billion), according to the Ministry of Emergency Management",_
The straps are a bit thin,_
"Servis laju, seller pn friendly & rajin membantu",_
Yqttqtqyttttqtqttqtq,_
Nice to see its more friendly for the stumpy fingered population,_
dh pernah beli pattern sama camni sebelom ni rasanye cutting smua ok selesa je,_
seller also give good response,_
Overall is comfortable,_
Effectiveness:cantik guna sekali jer,_
"Hiếu said the plan must include both economic and social solutions, comprise different measures ranging from fiscal, monetary, and technical support and cover different subjects, industries, and fields to not only help restore production and business activities but also create room for sustainable development in the long run",_
Penghantaran dr China,_
Ok leh sangkut kt stereng,_
Delivery so far ok,_
Satisfied buyer all the time!,_
No wrap,_
Just side cutting too long,_
"Jadi, saya harap semuanya akan berjalan dengan baik, katanya yang akan menyampaikan lagu medley, Sumpah dan Semalam",_
Nasıl bunu bilemssin,_
Yeah dah sampai dah barangku huhuhu dlm keadaan Selamat xde yg pecah tarikh luput pun lambat lagi penghantaran pun boleh tahan cepat hehehe boleh beli lagi kat kedai nie dimasa hadapan okey bye,_
belum tentu tahan lama,_
ank suka baju sejuk insyaallah kalau ada rezeki kita order lagi,_
"Kucing oyen itu kucing luar, tlg jaga sahaja hehe",_
dan sgt baik laaa,_
Thankkkkyouuuuubaranggggdhsampaiiiiiiii,_
Penhantaran sgt cepat walaupun dr china,_
"I don't know if ijustine is genuinely excited abt new iphones anymore or is it just for the you tube, cause it's basically the same phone as last year",_
I've tried connecting to it a few times and the connection is great and stabil,_
The government targets renewable energy (RE) to constitute 31 of installed power generation capacity in 2025 and 40 in 2035,_
t=2m30s> poor tae tae,_
$MENTION$ _ YouTube,_
Everything is too costly a single plane bread cost up to 200 rs the app is not good it is too complicated to use,_
Receive in a good condition good product quality and excellent service thanks for the free gift cracker I am in diet now so when in the morning I just eat this bar delicious and just have 90 calories the free gift 1pack just 80 calories thanks,_
In this price have this quality so nice and have fast delivery,_
by Julia Pierrepont III and Gao Shan,_
Functionality:botol ok,_
kali ni memang laju betul,_
hopefully will last longg until i finish my degree 🫶 very compatible!,_
tapi tudia laa boleh silap pi beli hat panjang jenuh orter blik,_
Item selamat sampai dengan baik dan baju ni memang ngam terbaik habis,_
Terbaik booo,_
Good job Fast shipping,_
Barang di terima dengan complete fast delivery 2 je sampai,_
It said its correspondent gave a 385-page dossier to the pope on Dec,_
sakit nye hati,_
Macehhhhhhhhhhhhhhhhhhhhhhh,_
Does luck exist? $MENTION$,_
Quality was good and delivery was prompt,_
Ada defect sikit tapi takpe ok je,_
"Alhamdullilah dh terima barang dlm keadaan baik pembungkusan kemas, dh try",_
rasanya kalau letak gula ok je boleh di minum macam air teh biasa,_
Need to add more flavors,_
Hope repeat buy again,_
Penghantaran sangat pantas & barang dibungkus dengan baik,_
dan berbaloi lah,_
You'll never regret shopping from her,_
Thank you seller 🤝 Thank you seller 🤝 Thank you seller 🤝 Thank you seller 🤝 Thank you seller 🤝,_
"Ordered on 3/3 and received on 6/3, the delivery is quite slow but acceptable",_
Saya pun dpt brg cpt,_
penghantaran laju cuma jnt perap jd lama,_
"Juadah seperti kuah kacang, sambal nasi lemak, kuah kari dan lontong mengandungi kandungan garam, lemak tepu dan gula yang tinggi, apatah lagi dengan sikap sesetengah kita yang suka mencampurkan gula dalam masakan",_
Also provide gift card,_
Will order for 2nd controller when received,_
An association representing local traders and vendors said the decision banning female passengers was made in the name of safety,_
took quite some time to review to make sure the product really works and so far so good!,_
Overall brg smpai dengan keadaan baikk,_
Penghantaran sgt laju dan packaging kemas,_
I have mailed numerous times but no responce,_
"Fortunately, the reopening of the outbound sector has shown a glimmer of hope",_
"More than eight in 10 businesses have been impacted by Hong Kong's national security law, such as lower staff morale and losing employees who have emigrated",_
Terima kasih barang sampai dengan selamat tq nanti saya akan order lagi utk keluarga saya tq cantik sangat dengan mutiara yang bersinar,_
Kualiti mask tebal,_
Harga murah thanksssss,_
harap ok lah sbb baru beli,_
"Bought it as a gift, so x boleh nak buka utk test",_
Ukuran kaki biasa 24cm,_
size pun muat elok dengan dia,_
Best song,_
Unhappy to seller have rusty also send it and no in good packing and have more then 5 to 6 become damage,_
This HMS core is only for huawei phones and my phone is not huawei,_
Baju ok anak setahun 5bbln ambik umur 2 Tahun panjang ckit tak apa boleh kecil kan,_
"Fast delivery, good quality and worth every penny",_
didnt get my bias im so sad,_
Anak scarf dah diterima,_
Maaf tdk sangkut paut sama gambar atau video,_
Aums!,_
Green tea with smoky flavour and nice for latte too,_
"so you guys yg bli wifi adapter, blh dptkan di kedai ni",_
Material kain kira ok la stendet microfibre biasa,_
"Barang sampai trus buka,tapi kecewa,warna dah cantik,tapi barang xcun,bahagian belakang terlalu lebar sampai gelebih,kain x memeri,baik tls saiz xxl je,bukan freesaiz,em hampe,beli 3 pulak",_
Selalu pakai m tapi XL dia macam L huhuhuhu,_
yeayyy xsbar nak bawa g pntai,_
In case it break,_
The email address cannot be used until you have verified it,_
The box got a little bit dent and the photo also got damage but overall love it recommend,_
Harapnya cucu suka dan sesuai,_
Thank you love it alot Same with the photo,_
Semoga dimurahkan rezeki abg dan keluarga,_
77 million people - out of a 51,_
I can't chat or pick up the driver's call ever since the last update,_
Order item,_
suka sangat baju ini,_
Sangat cepat dan ramah,_
Saiz rcvd as per ordered,_
Nasib baik ada jugak kedai yg still jual,_
Kudakuu lariiii gagahh berlariiii yeahhhhh!,_
But have some dirty mark but not effcted to the cd so its good,_
Perkara biasalah kalau bergegar sebab speaker kuat,_
Material bagus harga murah berbaloi sangat la beli promo murah kaw,_
Bang test dulu itu emas asli apa metal biasa,_
Repeated order kedai ni sbb service bagus,_
Tak perasan kesan utk milkbooster tu,_
Sangat memudahkan kerja mommy,_
bunga cukup semua tp dah kemek2 dah bunga bila smpai,_
stay safe byeee,_
"anak suka mama suka,terus guna sbb ank nk🤭",_
Ni kali kedua beli jamu kunyit,_
Gak mutu,_
Cuma nsk bagitahu seluar cantikk walaupun randomm,_
Berpuas hati dgn servis yg diberikan,_
Serta cepat sediakan barang yg nak dihantar,_
Transfer dah gambar2 dlm hp,_
Small & simple shape,_
penghantaran sangat baik dengan packaging yang kemas dan selamat,_
baju da cuci,_
Receive bags in good condition sorry gambar tak berkenaan,_
Better use GRAB,_
dptla stndby sticker te37 klo koyak,_
Sekadar berkongsi pemandangan yang sederhana tapi damai di rumah,_
"Good product quality Good value for money Good Packaging Fast delivery Excellent service by seller,",_
amplifier kecik tp bunyi besa,_
xtry blend dgn makanan lg,_
Tak sempat la tengok JDT lawan Kedah second leg,_
Raket dh sampai,_
"Size/Perfect Fit:1 size smaller compared to other diaper brands, but fits the kg as recommended",_
"Next time, saya repeat order",_
Terima kasih barang dah sampai🤗🤗🤗🤗🤗🤗🤗🤗🤗🤗🤗🤗🤗🤗🤗🤗🤗🤗🤗🤗🤗🤗🤗🤗🤗🤗🤗🤗🤗🤗🤗🤗🤗🤗🤗🤗🤗🤗🤗🤗🤗🤗🤗🤗🤗🤗🤗🤗🤗🤗🤗🤗🤗🤗🤗🤗🤗🤗🤗🤗🤗🤗🤗🤗🤗🤗🤗🤗,_
YES IM NOT THE ONLY ONE &quot,_
tak macam selipar murah lain,_
Me sirf tumhari raah dekh raha tha Iqoo z6 ke liye,_
Thanks for the sellers service and the postman delivery with saved time,_
haritu cuba pampers lain sbb AC Newborn takde stok tp asyik leaking,_
Seller ship awal tp courier pulak hold plak lama,_
terima ksih seller dn abg penghantar,_
Terbaik pantas laju buleh beli elok barang nya trima kaseh boss,_
alhamdulillah item sampai dengan kadar yg sgt pantas,_
China takes more steps to boost foreign trade,_
tapi dah pecah sebelum buka lagi sebab wrapping hanya sekali saja,_
barang baikkkkkkkkkkkkkkkkkkkkkkkkkkkkkkkkkkkkkkkjjjj,_
*sigh,_
shipping laju mask ni affordable tak mahal setanding kualiti,_
They also help spur entrepreneurship and innovation and create jobs for college graduates,_
rialiti hmmm,_
"The pants are good, nice quality",_
"Semasa langkah-langkah bagi membendung wabak itu mengalihkan sumber dan memberi kesan kepada perkhidmatan rawatan penting TB dalam negara, langkah-langkah seperti memakai topeng muka, penjarakan fizikal, mengelakkan tempat yang sesak dan meningkatkan kesedaran kebersihan dan membantu mengurangkan penyebaran kuman TB, katanya",_
Too young for my baby 2 & a half months old,_
Make sure korang beli tau magnet dia,_
shipping really fast and the bubble wrap is triple so secured!,_
"Pregnant 28weeks, ngam",_
"Kalo nk beli, beli kt kedai ni guys!",_
Hargaaa murahh tapii berbaloi,_
Effectiveness:Belum dapat rasa lagi kesan sebab baru guna,_
"Penghantaran kalau ambil sea shipping ambil masa sebulan, tpi puas hati",_
After a sloppy start against the world No,_
naty blh repeat order plokk,_
Brg sampai helok nyah,_
The product quality is gooooddddd,_
Tq seller untuk gift,_
tq seller n tq runner,_
Penghantaran boek btw comel beruang,_
bolelah bt basahan utk ank tidur mlm,_
Material terbaek bedung ni,_
Saiz sesuai xpayah nak double saiz,_
"puas hati sbb cantik and kena bagi kotak sekali so sangat sesuai untuk jadikan present birthday 🥰 material pun okay sesuai dengan harga , recommended !",_
6 inch i like the colour also its waterproof,_
jnji barang slamat smpai dan kualiti mmemuaskan,_
Lot of scam drivers,_
sy beli sbb nk simpan quran boleh la bwk jln2 nnt,_
Anyway storage cantik and elok,_
Stressing!,_
Harap lama2 pkai dah tk sakit,_
hasil taktau lagi menjadi ke tak,_
"penghantaran cepat, semua color menarik, quality ok, harga murah",_
Gila laju seller,_
Lithuania and the EU accused Belarus this month of using migrants and refugees as a political weapon to put pressure on the EU because of the bloc's sanctions on Minsk,_
cepat betul walau dalam musim sekarang ni,_
10q bos,_
"Everything came in ok, good",_
"Udah ok, tapi adanya biaya pemesanan, dan pajak bikin mikir 10kali mau pesen grabfood",_
"Kalau kita sabar, seller pun senang, sama-2 kita tolong , seller terbaik",_
x sabar nak pakai balik kampung nanti,_
Omg I am going to win $MENTION$,_
$HASHTAG$ Penghantaran pantas dari seller,_
kotak pn ade kepek,_
Parcel received !,_
dekat tepi2 dia putih ja but it's okay la sbb casing lawa🥰🥰 thanks seller,_
"Alhamdulillah brg dh sampai dlm keadaan yg baik, tapi sy tak buka dlm sbb nanti tak reti nak ikat reben balik overall seller memang baik dan sporting, penghantaran jugak laju",_
Product received 1 day after order,_
Service Seller And Courier Pantas Giler,_
"I typ correct username, password and press the login button but no function at all",_
"tq seller,tq shope, tq j&tlaju seller j&t buat keje",_
Kasuut just nice,_
"However, all these options have ONE thing in common: They address the issue of people having a lot of accidents and deaths on the road in the first place",_
Sedap bau blueberry,_
bagus bossssss,_
Anyway 5 stars,_
Delivery lambat sikit tapi berbaloi la,_
Sory x amik gmbar,_
Safety:NOT 8 liter,_
PERINCIAN KES,_
tukar di kedai komputer kampung,_
Hope it can held my lenses sturdily,_
Grab cancelled my order after waiting for several minutes,_
"Raja hafizh regards 100 sks 3,34",_
Dapat sptmana yang dimintawah fuh wei horey,_
"The Iran camp should face reality: election losers can't make the government, said Riyadh al-Masoudi, a senior member of the Sadrist Movement",_
Only rm1!,_
Wt 58 - 60kg,_
"Bahannya dari karet, tapi nyaman kok di pakai (∀) Harganya juga murah",_
radio jelas dengar,_
cantik cuma tersalah beli igtkn ada magnet yg ni baru nk pakai dgr mask uwaaaaa,_
kain nipis sikit so x boleh nk lasak2 sgt,_
Normal wrap,_
Later i'll look up more at your shop to buy diff beg hehe,_
tkut nnt besar perut da tk muat plk skrg 4bulan boleh la lg,_
Last Time Buy Too Big Size Hope This Time My Nephew Can Wear,_
keadaan terbaek,_
walaupun size besar sangat tp kain ok,_
Overall satisfy dgn service,_
0-4 month,_
The material is so soft and very comfy,_
Tarikh sampai - 25/9,_
lama betul peram,_
Senang nk tgk jam mase kat sklh,_
Sy rasa sy select maroon colour tapi dapat warna purple without inform me,_
tpi tkde kesan,_
Waterproof:sangat waterproof,_
"The maggie mee almost shattered, too sad",_
Program peningkatan kemahiran dengan kerjasama industri turut dipergiat dengan keutamaan kepada kemahiran digital seperti contoh program Global Online Workforce (atau GLOW) di bawah MDEC,_
Design:bagus dan okay,_
Actually seller ship the items faster only Shopee Express make delay on delivery,_
i bought 2 size,_
walaupun Dari china,_
Tqtqtqtqttq barang sampai dalam keadaan elok,_
Biler pakai rase pelik,_
Begitu padu hari ni order semalam dah sampai,_
service mantap dr kurier,_
big nice,_
60 for a tin coffee,_
Pantun yang menarik,_
Macam beg mahal punya,_
Fit 9 years kid,_
Nice wallet,_
"Tinggi 163, berat 78",_
"Sumpah bende ni kecik je, comel jadi sayang pulak nak pakai, and penghantaran dia laju",_
Quality:superb quality & thick,_
Having some trouble with photos though,_
Seller memang terbaik dan bertanggungjwb,_
Xdan pakai lg dah pecah putih ats tu,_
"Good price, good packaging with fast delivery",_
Hopefully it work as per advertised,_
Cuma amik masa lama nak sampai,_
Bungkusan tidak mengalami sebarang kerosakan,_
Hopes the products quality are good with the price,_
delivery fastttttt,_
Meskipun waktu chat tu lambat sikit bls,_
cute je design,_
Dall and kitchen set,_
"After pakai serum ni, rambut dh xkasar, xbercabang",_
rsa sedap kualiti terbaik,_
Ordered on 25th midnight and received on 27th,_
Saiz yang dipilih memang ngam elok,_
tengoklah mcm mana nanti nak kancing,_
Dillon Helbig used an unconventional method of getting his work out into the world,_
99🤣 mmg auto buy and cpt sampai,_
Alhamdulillah die suke,_
Ziplock semua function dgn baik,_
PUTRAJAYA: Jabatan Perdana Menteri (Hal Ehwal Agama) menyerahkan sepenuhnya kepada polis untuk menjalankan siasatan berhubung tuduhan isu moral dikaitkan dengan seorang pegawai Jabatan Kehakiman Syariah Malaysia (JKSM),_
beli 4 utk 4buah kareta lg,_
But bring back the map on grab food,_
Worth of money during cashback,_
"Beli time sale, tolak itu ini, just pay 5",_
Yg penting sgt serap air,_
"Beliau berkata, ia termasuklah mematuhi Amalan Perkilangan Baik (Good Manufacturing Practice (GMP), Pharmaceutical Inspection Co-operation Scheme (PIC/S) dan Pertubuhan Kesihatan Sedunia (WHO)",_
Recommend memang nice,_
"Kualiti mmg terbaik, ringan",_
"I wasn't expecting us to be beaten by such a big margin but I do strongly feel we are lacking experience in the squad, said the South Korean",_
Yg salah ialah yg yakin vaksin boleh lindung dari penyakit bkn Allah,_
Buy for 18sen when promotion,_
Oke barang sudah sampai barang bagus Mayan lah sesuai harga thank you,_
Penghantaran yang super duper cepat and baju dia sumpah nicee 🤩🤩 Thankyou so much!,_
Tq seller bg free 3 item semoga dimurahkan rezki aaamin 🤍🤍🤍🤍🤍,_
Thank you for extra tea bags,_
Produk yg sgt berkualiti dan penghantaran sgt laju,_
the besttt,_
Charging je lama,_
And slalu dapat free gift extra choc cube mini,_
nk putus kaki tgn awal kah🤣🤣🤣,_
"Beli semalam, esok hari dah dapat walaupun dari Penang",_
Happy to see you playing bgmi again,_
Sumbangan amat di alu-alukan mulai hari ni dan se,_
Okay la buat mandi anak atas 1 tahun,_
All in perfect condition 🤌🤌,_
all light were tested and in great condition,_
"The colour (of the river water) is also turning murky, he said",_
saiz memang sesuai padan elok cantik selalu takut nak beli online tapi yg ni mungkin akan repeat lg,_
"Nice product, thanks seller!",_
"AS ECONOMIC activities slowly resume, restaurants that were closed during movement restrictions due to the Covid-19 pandemic are opening their doors again",_
"tp pon paham,atas faktor phone masing2",_
Parcels has been received safely and in good condition,_
mmg trpukau bila mkn chocojar nie,_
Beli dgn HARGA AHLI jauh lebih jimat n murah!,_
XL ok semua gham yg ni bagi free gift betul tapi masih tak puas hati yg lagi satu,_
terbaik untuk bilik audio saya,_
Item arrived safely and securely,_
maybe its the elastic they took account for the size,_
selamat smpai dan penghntaran pun laju jaa 🤗🤗🤗🤗,_
Dah sampai ya,_
"I never thought of winning, vecause in every raffle I have joined I never win",_
Suka sngattttggg,_
Lepas basuh baru test,_
kedua2nya saiZ ok,_
Pixel 6 looks like a galaxy a51 from the front and the 6 pro looks like galaxy note 20 ultra from the front but the front camera is kinda bigger but still very good display🤩🤩very good google,_
Quality:before expired,_
Maaf video & pic xda kaitan,_
Kualiti memang mantap boss tebal sikit lembut,_
Barang sampai dengan baik tiada yang rosak,_
Saya xpandai menjahit,_
"Lengan baju sangat besar, tak berkedut sangat",_
Tp courier lambat,_
"Barang cantik sgt,thank u seller",_
You will never regret buying from him,_
Ada suction dkt dasar so that nnti masa pakai tak goyang which is good and sturdy,_
Sorry for unrelated video coz the product not with me,_
Fast delivery and product as expected,_
tapi macam biasa lambat sampai,_
Later when i am about to go back,_
baju sgt sesuai digunakan pada musim tengkujuh ni,_
kualiti baik setakat cuba elok bunyi kipas tak bising,_
"Thanks seller, I really like it",_
Whom should it be blamed?,_
"Superb,Superb,",_
"actually, after the box arrive, i order again with another size 🤩🤩🤩🤩🤩 really likeeee it ,",_
The eyecream box is very pretty So far eye and face feels mosturized and feels soo good Will repeat again later,_
"Quality:good product , no problem , fast delivery , nice and",_
Quality:bikk,_
Next time akan repeat order lgi,_
Product best bau wangi,_
Good quality value of money,_
"Matlamatnya, apabila mereka pulang ke Malaysia antara 10 hingga 15 tahun akan datang, mereka boleh menyumbang kepada ekosistem industri perfileman negara, katanya kepada BH Online",_
"Anyway, feel satisfied",_
Raise more profit than vendor itself but still not listed in Nasdaq lol lame,_
The color also natural,_
*:,_
Effectiveness:Okay !,_
cuma bahagian carrot & ubi keladi tu sngt keras smpai nak patah Gigi mengigit nya,_
You also need to buy cotton to pack it yourself!,_
Dan ade penyikat kt penyoduk,_
tq seller tqtqtqtqtqtqtqtqtqtqtq,_
Always support the genuine ink,_
Buktinya ada bagus,_
Anak suka family suka jiran suka saudara suka sepupu suka adik beradik suka mak ngah suka mak long suka achik suka,_
t have twitter),_
"Fast delivery, good packing, parcel delivery for safety and nice",_
"Ini pasang lagi aplikasi GRAB ribet amat minta verifikasi by telpon, minta verifikasi by email tapi di klik gak bergerak, cek di email juga gak ada verifikasi Parraaahh",_
But maybe not for next time,_
"Kadang kadang terlupa sapu butter or guna cooking spray, tapi tak melekat pun, elok je keluarkan perfect",_
Really keen to check this out! TW: $MENTION$,_
"Penghantaran cepat gilerrr ,tq selleeeerr , Penghantaran cepat gilerrr ,tq selleeeerr , Penghantaran cepat gilerrr ,tq selleeeerr , Penghantaran cepat gilerrr ,tq selleeeerr , Penghantaran cepat gilerrr ,tq selleeeerr , Penghantaran cepat gilerrr ,tq selleeeerr ,",_
Brang bru smpai,_
xsabar Nk rasa harap ok,_
"Recommended 🤍 tapi ada barang yang tak cukup, its okay sebab dia dah refund",_
terbaiikkkkkkkkk🥰🥰🥰🥰🥰🥰🥰🥰🥰🥰🥰🥰🥰🥰🤪🤪🤪🤪,_
Haven't wash the plastic scent still strong,_
I have Tab A7,_
kalau buat bju cantek sgt,_
My mom like it and tue quality is good,_
alang2 jumpa yang murah terus beli,_
Thank youuuuuuu My parcel has arrived last year and I just have time to rate it I really love this sneakers and its colour,_
"Pegawai Kesihatan Pang Xinghuo berkata, virus itu ditemui pada permukaan surat yang diterima orang yang dijangkiti dari Kanada serta di dalam surat yang belum dibuka",_
"zip, tmpt pemegang utk tarik beg pon function baik",_
Keeping the Berserk love alive and strong!,_
"No white cast, not sticky",_
A simple handover of the mattresses was held in accordance with standard operating procedures,_
barang puas hati walau lambat sebab courier cuti raya,_
officials as well as Richardson for facilitating Fenster's release,_
MELBOURNE (Reuters) - The ACT Brumbies shrugged off a slow start to claim a bonus-point 31-14 win over Western Force in Canberra on Friday and seal their place in the Super Rugby AU playoffs,_
tpi xsempat guna sebab lambat sgt smpi,_
Really affordable nicee,_
dpt hrga berbaloi² time sale siap free gift lg,_
"Good quality product,good value for money,fast delivery, excellent service by seller",_
"The strategy shows NSO fighting for a path to survival as it battles accusations that its Pegasus software has been used by government clients to spy on political dissidents, human-rights activists and journalists",_
$HASHTAG$ rating sbb tggu nak pack barang,_
terbaik bosskuTerbaikbosskuTerbaikbosskuTerbaikbosskuTerbaikbosskuTerbaikbosskuTerbaikbosskuTerbaikbosskuTerbaikbosskuTerbaik,_
Nanti nk repeat katil plk,_
bila buat aduan x terima,_
"The Centers for Disease Control and Prevention reported in September study results that found the condition may be more common among women, those ages 40 to 54, and people with pre-existing conditions",_
saya terbantu,_
Rather use other food delivery apps now,_
"barang dah sampai,bungkusan kemas,belum cuba harap",_
"The expiry date is on september, October 2021",_
Material okk takda masalah,_
"Seller paling senang nak deal, always layan soalan customer",_
Good packaging fast delivery good quality product n good value for money,_
s for BTS,_
Dhh terima dh rasa,_
"Dh siap pasang, kemas",_
Seller yang sangat2 peramah melayan cust,_
tq sellersy sukaaaaaaaaaaaaaaa,_
It feels like it fell in,_
Kecilkan 1 inch to 1,_
"Tapi kalau pandai lipat, muat je",_
semua dpt dgn betul,_
WORKS REALLY WELL,_
Murah and useful sangat,_
cepat sampai gune j&t,_
apa2 rekemen,_
Penghantaran cepattttt dan selamattt,_
Stand kukuh berbaloi la dgn harga,_
rendam air panas jer,_
Tqtqtqtqtqtqtqtqtqtqtqtqtqtqtqtqtqtqtqtqtqtqtqtqtqttq,_
Skirt duyung dia x ketat sgt,_
Delivery pun agak lajubduring MCO,_
The ones I have all came with name cards,_
"puas hati sngttt, rsau jge wrna cerh brbayg tp kain dia ok slesa",_
"Orang kadang2 tengah drive thru, nak bayar then kelam kabut nak kena sign in",_
Okkkkkkkkkkttttttggqqqqqqqqqqqqqqqqqqqqqqqbare smpa x memuaskn plastik trbuka,_
Good thickness but not enough to reduce my shoe size,_
Republican users' disdain of Twitter is far greater than seen among Democrats,_
order 6 nov dapat 10 nov,_
Beli untuk maid,_
0 can be checked at gkp,_
just amazing twitter: $MENTION$,_
"Good product quality and good value for money, fast delivery too",_
packaging mantap dari seller,_
Delivery is not very fast but considered as okay2 la,_
Seb baik ada askar kerahan,_
Taste:sodap tuan,_
Boleh dengar suara dan bercakap,_
barang complet penghantaran pantas dan boleh repert lagi beli barang lain,_
Get my bag,_
Successfully Activated - Free Internet 5GB (5days),_
Barang nak sebulan juga lah sampai guna sea shipping,_
seller 🤙,_
make a birthday goodies my daughter,_
A lot of storage space !,_
"seller yang sgt bgus, sebelum hantar seller chat utk chek barang",_
product terbaik dlm keaadann skg ni KitaJagaKita,_
Beauty,_
Good product quality and this is my 2nd time purchase,_
But it is lindissima,_
"Baru first Time cuba , bau yang wangi",_
always sending fast and nice,_
Bosan dah kat rumah PKP asyik makan je berat pun bertambah haha,_
Kain dia pun okay,_
"The items are slightly damaged, but I never mind",_
"But untuk buku ni, font dia sangat lawa",_
"I swear the bag is very good + nice, i will definitely order again here",_
penghantaran pantas n cepat,_
Useless ad,_
Ada pun jual dalam malaysia,_
Cuma lambat kering lagi2 hari hujan,_
Seluar cantik dan kualiti nyaa pom oke laa berbaloi dgn harga,_
ajomm kita ootd dgn kasut comel🤩,_
-pink agate for the girls,_
barangan telah selamat sampai,_
Lembut n best sgt material,_
Baju takde yang tertukar dan cukup,_
I like ur cat,_
petang ni boleh main,_
saiz padan elok dgn kaki,_
Sgt mudah nak guna untuk buang sel kulit mati pada tapak kaki,_
Save yourself from the unnecessary chatter which is not only an absolute waste of time & sinful but will also eat away at your good deeds,_
berbaloi utk penggunaan sekejap2,_
baju ni nice gilaaaa sumpah cantik cuma singkat sikit padahal ukuran lebar ( tinggi i 170cm ) dah okay dah hshshs thanks seller $HASHTAG$,_
So display A500 lagi cleared n cantikkk,_
gebang,_
yg penting sebelum pilih saiz baca komen dulu,_
"Bag cantik sangat , memang suka la kalau beli dekat kedai ni , nnti boleh repeat order lagi , penghantaran pun laju , bag pun berkualiti sngt sorry gmbar x dak kaitan",_
Puas hati gilo boh,_
seller thankyou so much seller,_
Laju gilaaaa kipas dia,_
the quality is quite not bad considered it cheap prices,_
Thanks all item received in good condition safety arrived thank you seller hope you hv a nice day!,_
tk kecik tk besaq sesuai dgn berat 75kg,_
kain pun best dipakai,_
JAM CALAR !,_
Just nice for bathroom,_
height 170cm,_
nanti ada masa bru try,_
Very seller although is free gift they wrap it up very careful,_
Microsoft Corp said in a blog post on Saturday it observed destructive malware in systems belonging to several Ukrainian government agencies and organisations that work closely with the Ukrainian government,_
"penghantaran ok rapping kemas harap dpt membantu utk trunkn berat bdan klau berjaya confirm akn repeat ,dari tiktok ke shopee,thank you harap bjaya",_
Beard test was awesome Twitter:$MENTION$,_
Tah berapa kali beli dgn seller ni,_
Why don't incorporate fb and Google sign in so troublesome zzzz,_
I received my item,_
Alhamdulillah barang dah lama sampai cuma belom nilai lgi,_
Dah sampai dah inner sekolah anak2 beli untuk anakw pakai g sekolah,_
Seller are responsive,_
video dan gmbr tak berkaitan,_
Alhamdulillah syukur barang sampai dengan selamat thanks,_
"ABX bad,",_
Sy tampal binding tape pd tmpt pecah,_
Pillow also torn like in the picture,_
4 helai dh beli dgn seller,_
KUALA LUMPUR: A late surge in the FBM KLCI on Friday pushed the index to a strong close after a day of volatile trading,_
The quality still good,_
sedap granola ni,_
Ok beli dua satu kakak satu mama size ok muat tq kasut Sangat cantik,_
Dah repeat untuk anak,_
Manshi Pha,_
Tak banyak kerenah,_
Tq bg freegift,_
tapi item nice,_
Htynm bush xfi zk,_
cuma blm guna lagi,_
penhantaran yang pantas harga murah lah beli dekat shopee,_
Ok barang sudah sampai tapi belum dapat check sbb kerja harap berbaloi lah,_
I already fill form and say successfully,_
"Dah beli banyak kali dgn seller ni, best sangattt seluar tidur camni!",_
ade labuh ade singkt pulak,_
"2nd time, seller hantar cepat",_
Rasanya tak sesuai utk budak2 sbb berangin,_
Akhir yeeee dapat seluar jeans yang saya nak selama nih,_
xtau psg bole dm sy,_
Recommended and turst seller,_
Brg smpi dlm keadaan bik,_
Received in perfect condition and fast service too,_
"skali beli senang, utk anak skolah",_
DOH hospitals are government hospitals that are directly under the supervision of the health department,_
Terbaik barang kualiti harga murah senang beli owning tak renyuk,_
Gold obsidian diy cat thru hole so cute!,_
cuma pembungkusan kurang wrap,_
Repeat repeat repeat dan terus repeat,_
Kualiti terbaik tak pernah mengecewakan la gildan hammer ni,_
Only took 24hrs to received,_
Choc ok,_
"Barang really berbaloi beli, murah weh plus waterproof, mana nak cari bawah 20 ringgit!",_
"Terima kasih penjual, customer saya puas hati dan dia kata saya beli ya",_
Fast shipping from this store,_
Sorry photo not unrelated,_
tepat dengan kakiku,_
Great service also seller really kind and friendly ^^,_
Safety:paper bag je,_
unTuk bagi hadiah Kat anak2 sedara pulak,_
love ka,_
Rajin update hal parcel,_
Very fast delivery received product by next day only,_
"04, FBM 70 berkurangan 93",_
Expiry date 18 ogos 2023,_
Omggg I&$HASHTAG$,_
payah cari stok saiz 42 ni,_
Taste:Best coffee,_
1 pun ada freegift sehelai wahhh semoga dimurahkan rezeki ya bangg,_
ingatkan random dapat la warna pink ke,_
so i suggest you to keep it in a bag too as double protection?,_
barang selamat sampai dan semua peralatan mencukupimemang trusted seller,_
10 Dan Terima 13,_
harap2 mudah digunakan dan boleh digunakan,_
"JAPANESE equities are primed to close the gap to global peers in 2022, analysts and strategists say, with the country's cheap valuations, low inflation and high vaccination rates set to make up for a disappointing 2021",_
beli terus hantar,_
Dapat apa yg seperti dalam gambar,_
SBB nk kumpul coin,_
i love my pulls so much even tho i didnt pull a single jay but itsokay !,_
tak longgar sangat,_
Harga murah paling best,_
"Masih belum guna lagi,cuti baru kita cuba",_
gonna repeat this worth to buy kecik je senang simpan jimat space,_
sesuai utk yang anak sekolah rendah 7 8 tahun,_
tengkiu seller abc def ghi jklmn op,_
"Seller bagus sgt2,",_
tqtqtqtqttqtqqtqtqttqtqtqtqq,_
skng mei 2022 da 57kg,_
Cantik dan kain sejuk 🥰,_
saje pasang sebelah je sebab taknak bukak besar sangat sampai keatas,_
"Goods until 12/7Fast delivery ,",_
Beli 2 set utk travel n letak dlm kereta,_
Terima kasih juga sebab bagi gift keychain dan beg,_
bungkusan diterima sangat baik,_
"The shipping abit delay, but seller is responsive",_
Sudah beli sebanyak 4 kali,_
Cleaning Effect:beli sekali alang2 dh beli barang sini,_
Very bad lahh,_
KinderXD,_
dorang suka bungkus sambil makan,_
Husband minta tolong belikan tuk dia,_
Too much late service,_
"Thank you seller, I buy it",_
last ii tinggal 15,_
It will happen,_
Kat luar jual sampai 50 70 hinggit,_
Sklai jlan je,_
Original jeruk pak Ali,_
"Ordered yesterday, received today, SUPER fast delivery and very efficent service by seller!",_
"As global Covid-19 cases have surpassed 250 million, China faced greater challenges in preventing imported cases, and there was also higher risk of infectious respiratory illnesses brought about by the seasonal low temperatures, he added",_
"Kain sejuk, mak saya Suka, sangat selesa katanya",_
Sayang size tak muat,_
** Normal grade,_
baju tersalah bli saiz besar tp xpe sbb blikn utk ank saya blh tggu ank besar skit lg,_
"At the retail shop, we can share the history and identity of the new village",_
"SE3 , because both are almost same price",_
Barang dah sampai dengan selamat kain tebal puas hati bagi saya h:150 w:38 good bestie go go go power rangers cayookkkkkk 🤜🤛,_
Thanks ye bg extra baju,_
Gambar takde kena mengena TAPI BARANG DH LAMA SMPAI BARU ADE MASA NAK REVIEW,_
Epic intends to take a similar approach to the other big growth opportunity for game developers: China,_
Sgt2 puas hti murah plk tuu,_
Color OS sucks,_
"Maaf video tak ada kaitan,cantik jew belt dia,penghantarn pun ok",_
Due to ki,_
Received with type c usb cable for case charging Recomended seller,_
boleh repeat beli benda lain lagi lepas ni,_
SNOW CAP TERBAIK,_
really recommended and i absolutely gonna buy it again from this seller in the future,_
"Bagus seller, memang terbaik",_
"Barang dah sampai, dpt semua cukup",_
"We need the pre-Covid-19 level of 27 million foreign tourists, with tourism receipts of some RM80bil per year",_
Hrp xde masalah n dpt psg dgn mudah,_
"The quality is premium, soft and friendly to skin",_
"Product received safe,fast delivery and fast response by seller",_
"Taste:just received today yet to taste,mayb can update later on",_
brg cpt sanpai,_
okayyyyyyyyyyyyyyyyyyyyyyyyyyyyyyyyyyyyyyyyyyyyyyyyyyy,_
jdi kita bagi 5 star utk kualiti service,_
balut pun bagus,_
"Tapi kenapa Warna pink x ada, dia ganti dgn Warna hitam",_
Thank you so much for this review,_
beg pn ok sesuai dgn hrga,_
"Bought five of them and the quality is really good,",_
"Really recommended this seller,",_
"Fast delivery, well wrapped & item received in good condition and working well",_
ly/2VFgdbccbgf,_
sesuai utk bawa kemana2,_
Second time beli from this supplier,_
Akaun kena suspended nak delete akaun pun susah,_
The thread not loose or anything,_
Nasi goreng kunyit tkmau kacang panjang,_
The product same as picture and very good quality,_
Barang dalam keadaan baik dan elok semuanya,_
tq suami bg duit utk beli,_
I was excited to see banana and egg made into something quick and hassle free,_
Keep it again for all customer,_
59 per pack warna hitam,_
"Baju lama sudah takmuat, lama sgt pkp haha",_
Thrid time buying and satisfied with the product,_
This is my second purchase as I like the design and the shoes are very much comfy,_
it should arrive at august 1st and im kinda sad to know abt it and then tiba ii dpt noti sampai harini !,_
Second time I ordered,_
Baju ok tadak masalah,_
Dapat lagi free gift hand sanitizer,_
yg pnting elok,_
nissin seafood tomyam,_
Produk boleh digunakan,_
Barang padu bosku jahitan semua kemas seller laju pos barang,_
Quality:harum,_
Igt sy beli 1M 1S,_
"very responsive seller and helpful as well, highly recommended",_
"It is better according to the price, it turns out that there is another one that can be cheaper",_
It also comes with battery too,_
"Kasut elok je pakai, nais",_
try ukur mcm dlm gmbr tu pun dah nmpk beza dia bolehla nk pakai tu tapi kena behave sikit takut tali putus,_
Kalau beli kt kedai lg mahal,_
"At a briefing last month, Rehda president Datuk Soam Heng Choon also urged the government to consider extending the HOC into 2022, as the campaign had been disrupted for over four months this year as a result of the prolonged nationwide lockdown",_
Can be used as highlighter bcs the shimmers quite good,_
selesa tapak tebal,_
So excited for the result,_
I think that the brand new OnePlus Nord 2 looks great in my hand,_
Bukan nk buat pakai jalan pun,_
kotak terbaik,_
I'm trying this for the first time,_
"& yg hantar org yg sama, still nk snap barang skali dgn tuan yg ambil barang",_
Perghh murah tpi quality ngamm ok la bleh jadi bdk ood dh cenni hshshhs btw mmg nice muat2 kasut delivery pon agak laju recommendeddd,_
"Lubang, pstu seller tak wrap",_
better jgn beli dlm shopee,_
Quality is good but cant compare it to Apple's quality,_
Bawal cotton cantik suka sgt senang bentuk sedap pakai cantikkkkkkkkllllkkkkkkkkkkkkkkk,_
"Fast delivery,tq seller for free gift",_
"Tapiiiiii, produk cantik",_
balut dengan baik dan bagi hadiahh,_
Thanks for selling genuine products,_
dr shopee lambt,_
Good decent phone especially if you do not want to splurge on a s21,_
🤍 so in love lah,_
Sesuai la utk mjlis2 ke ape,_
"delivery pun okay tak lambat 🤩thankyou seller ,",_
barang dah dapat dah tadi,_
"And for the colour, tak see thru pun",_
harga paling murah kt kdai ni,_
i recently learned that the tips i gave for those riders are not really going to them,_
Repeat order Item well packed with bubble wrap & received in good condition,_
Boleh la bawak balik kampung,_
The Jun card had some scratches on it and didn't really look that nice,_
Terbaikkkkokkkkkkkkk,_
"Penghantaran cepat, servis baik, brg dibungkus elok",_
Byk kali dh repeat milk storage dgn momo,_
And baju ni sampai pada 25hb,_
"Penghantaran cepat bungkusan kemas bubble wrap teball semuaa okayy,x pecah pun, packaging pon double plastic,thankyou seller,will be repeat again, thankyou so muchhh ,",_
tp overall sgt2 berpuas hati,_
"but kotak dia terkoyak koyak and ada kesan tampalan kertas dekat kotak , nampak buruk sikit la kotak",_
Menerima berbagai macam Furniture,_
Upin dan Ipin ini lah dia,_
"Assalmmualaikum,alhamdulillah",_
penghantaran cepat tpi kurang puas hati,_
But for the price ok la,_
Delivery oon slow by pos laju,_
The best ITS Fery good,_
tu y kena beli juga,_
Cntik n harga murah,_
Disapointed because the bottle have a sratch!,_
"Functionality:serious elokkk, kualiti dia mcm brand mahai",_
barang macam kurang sikit la tarik signal,_
Is a good purchase,_
Fast delivery And Good quality,_
Nice packaging first time nak try jamu kalau ok insyaAllah repeat,_
Tummy flatter n hope can see more changer soon,_
me/60168185701,_
Look good but wait 3week come from China so this shop is not bad,_
Really excited that the pink color is just like how I expected,_
"Arini oder, arini jugak ship out,esok da sampai,lajuuu seller buat keje!seblum send, die chat kite confirmkan dulu,TQ SELLERpackaging with bubble wrap1kotak ade 6 peket,cukup la untuk air seisi keluargaRECOMMENDED",_
Yeah !,_
"Nicee , banyak jugak zip and blh ltk bnyk barang",_
Good good good good good good good good good good good good good good good good good good good good good 🥰 good good good good good good good good good good good good good good good good good good good good good good good good good good good good good good,_
botol xkemekk ponn,_
Baju cantik sngatt,_
"Apabila graduan terus meningkatkan perkembangan personal dan profesional serta kekal melakukannya sepanjang hayat, diri mereka akan menjadi satu aset yang tidak ternilai harganya",_
saiz ngam dan betul boleh rujuk dekat saiz chart,_
Agak janggal guna saliva plastik kecil ni,_
Oklah kemas packaging delivery pun kena sabar sikit daripada china penuh onak duri nak sampai,_
This is amazing 🤩,_
hrp sdap la,_
Thanks to shopper,_
Vacuum cleaner dh sampai,_
Cantik broochnya tapi besar sikit dari apa yg diexpect,_
cmpur yg ni dah 5 helai beli,_
I was so exited for this phone and it doesn't disappoint!,_
kasut selasa n cntk,_
"Very soft and pretty fluffy material, nice to touch and good to use, like it very much and will buy it again in the future",_
"order hr Sabtu ptg, terima hari Selasa",_
Barang berkualiti n besi kukuh,_
8L water boils within 3 mins,_
Soooo Cute,_
penghantaran agak cepat sempatlah pakai untuk raya,_
harap kualiti cantik,_
"Good, repeats buyer",_
There might be a indent,_
tq for faster delivery,_
Susahnyer lah nak cari cekak mcm ni kat kedai,_
"Former Leicester Tigers head coach Cockerill joins as forwards coach and will work alongside Matt Proudfoot, while Seibold, who most recently managed Australian National Rugby League side Brisbane Broncos, has been named defence coach",_
Effectiveness:sampai dengan pantas,_
2 per cent had received three doses,_
very good packaging,_
hadiah birthday khas tok anak bujang sy ni yg sgt2 murah & berbaloi2,_
kain nais and my height 150cm so tk singkat or anything,_
"Order 18/4, 19/4 seller dh post out",_
All item received in a good condition and wrapped nicely by seller with bubble wrap inside,_
Can't wait to try out the soba!,_
Bunyi kuat tu biasalah,_
seller ni memang terbaik!,_
seller shiping cpt,_
Kain tebal ( tak nampak dalam),_
"Hopefully, the shipment is fast, the item is suitable, the material is good",_
Barang sudah sampai bungkusan elok sangattt terbaik lah seller,_
"Nooo jajajajaja me moriii, que tiernos son, que Sad la parte en donde Tae quiere chocar las manos con Jimin, y Jimin no lo vio, pobre TaeTae jsjsj🤧 después Nam lavando el auto y ni siquiera tiene licencia de conducir jajajaja, amé todo, los álbumes son tan HERMOSOS y más cuando los decoraron, en fin, Army por favor STREAM a Butter y PTD que son canciones hermosas, démosle el amor que se merecen!",_
Macam tahu2 je i suka pepel hehe sbb pilih random je hehehe thankyou and sponges lembut jeeee,_
99 time shocking sale 11,_
"Order today and got tomorrow but got a defect unit, send to DJI Malaysia and they replace a new set for me, Great job DJI Malaysia, superb service and SOP",_
Quality:barang yg baik,_
"some of my cats love the treats,i think it depends on themselves",_
Good product quality good value for money fast deliveryyyy,_
Yeaayy finally puas hati sebab fast delivery hahaha thank you seller mext repeat again,_
Terima kasih kak yatie,_
x sgka pos hntaq tadi,_
Wlupn dri,_
nk beli lgi size lain,_
Corak cantik & jahitan kemas,_
Taste:Taste is authentic,_
Just like the one u normally get fr other shop,_
Saiz pun okayGood good good good good good good good,_
The portion is enough for two people,_
hangit dok bwh matahari🤌,_
akan dpt warna yg lain walaupun beli kod yg sama!,_
Tq seller atas perkhidmatan yang diberikan,_
Ada kekunci jika tak nak buai bergerak,_
Dalam masa 2 hari,_
Saya 150cm 80kg agak insecure nak pakai dress,_
nk baru nk test guna minow,_
"Bagi membina indeks, Milken Institute menilai peluang pelaburan melalui 100 pembolehubah yang disusun kepada lima kategori dan 14 sub-kategori",_
Awesome camera+ slim&amp,_
sulam is about 2cm for each curve,_
Mantap cantik sampai awal okyy nagkm sou,_
Kualiti bagussssss sgt bagussss,_
Bukan untuk saya tapi anak² yang suka,_
third time purchase it,_
Super fast delivery from Kuching to KL,_
"singkat sikit , ats sikit dari buku lali",_
"its great, it's way more efficient",_
15/11 arrived,_
nk try makan dulu,_
Lazy to take other photo,_
Cukup semua 16pcs,_
s biggest boy group,_
"compared dgn tranya,tranya bass lg kuat",_
Anak2 suka sgt makan niee,_
31januari,_
Speed overall is ok,_
parcel sampai kat rumah,_
i is so eksited haha gituewww,_
Haha is the and the is on top the of my head hurts like lol I'm not doing that right but it's just me I just don't understand how much you want me to go back and get the i,_
Thanks seller for fast delivery despite of this condition,_
harga murah jgk lahh,_
belum cb lg ank suka ke tak,_
Pic lain sikit,_
Functionality:Can't tell yet,_
Abg posman ok,_
Dan itu merugikan customer,_
Tesla did not respond to Reuters' request for comments,_
"(Reuters) - A senior aide to the Connecticut federal prosecutor in charge of investigating the origins of the FBI's probe into contacts between Donald Trump's 2016 campaign and Russia has resigned from the Justice Department, a spokesman for the prosecutor's office said",_
Bet they'll love it too,_
"Tak sangka ada dua free gift lagi, memang berbaloi, tq seller",_
"Secure packaging, items packed in good condition",_
"Excellent, fast service",_
"Saya bertuar memilikinya,",_
sng nk connect,_
very gooddddddd,_
Also a fast delivery!,_
Nice and good as anti slip,_
Then delivery laju gila like i bought it hari khamis sampai hari sabtu,_
Close your eyes and listen to this dude,_
Good quality product and speedy delivery,_
Cheaper when on sales and definitely going to repeat again and again,_
Maaf gamber Dan video tiada kena mengena terima kasih seller laju ja brg sampai cantik sgt,_
"Parcel selalu kena toreh dgn J&T, seller tolong guna courrier lain, kualiti bola boleh untuk bagi anak2 main",_
Note for everyone that wanna buy,_
overall 20/10,_
